[gd_scene load_steps=19 format=3 uid="uid://cu2ehvaxd1iol"]

[ext_resource type="Texture2D" uid="uid://hxrjxptn2qhd" path="res://ASSETS/TEX/ROAD_64.png" id="1_khu28"]
[ext_resource type="Texture2D" uid="uid://cblkt3q6o1y4h" path="res://ASSETS/TEX/SWORD_HANDLE_64.png" id="2_w8mp4"]
[ext_resource type="Texture2D" uid="uid://dl23tr1e1aran" path="res://ASSETS/TEX/SWORD_BLADE_64.png" id="3_762pr"]
[ext_resource type="AudioStream" uid="uid://6j4td2u3d31e" path="res://ASSETS/AUDIO/3_MetroidBrinstar5.ogg" id="3_oq0n3"]
[ext_resource type="Texture2D" uid="uid://dyeqvobbh2r4h" path="res://ASSETS/TEX/SWORD_HANDLE_2__64.png" id="4_whp2l"]
[ext_resource type="AudioStream" uid="uid://d2ar7afgl2bui" path="res://ASSETS/AUDIO/Vgm Lufia 2 Boss 6A.ogg" id="5_cwsn5"]
[ext_resource type="PackedScene" uid="uid://cl573t2siqhnd" path="res://SCENES/PLAYER.tscn" id="5_y0f8o"]
[ext_resource type="PackedScene" uid="uid://cpurqi5mfxti7" path="res://SCENES/HUD.tscn" id="6_skb2b"]
[ext_resource type="AudioStream" uid="uid://brxk8ajbw2f50" path="res://ASSETS/AUDIO/OC SuperSonic 5.ogg" id="7_1nium"]
[ext_resource type="Script" path="res://SCRIPTS/SCORE.gd" id="11_o26k4"]
[ext_resource type="PackedScene" uid="uid://ba1atg5i3hiqp" path="res://SCENES/coin_3.tscn" id="12_0gl3v"]

[sub_resource type="ProceduralSkyMaterial" id="ProceduralSkyMaterial_v3jkm"]
sky_horizon_color = Color(0.64625, 0.65575, 0.67075, 1)
ground_horizon_color = Color(0.64625, 0.65575, 0.67075, 1)

[sub_resource type="Sky" id="Sky_omgha"]
sky_material = SubResource("ProceduralSkyMaterial_v3jkm")

[sub_resource type="Environment" id="Environment_hbvkp"]
background_mode = 2
sky = SubResource("Sky_omgha")
tonemap_mode = 2
sdfgi_enabled = true
glow_enabled = true
fog_enabled = true
fog_light_color = Color(1, 1, 1, 1)
fog_density = 0.001

[sub_resource type="StandardMaterial3D" id="StandardMaterial3D_kt26l"]
albedo_texture = ExtResource("1_khu28")
texture_filter = 0

[sub_resource type="StandardMaterial3D" id="StandardMaterial3D_cofg5"]
albedo_texture = ExtResource("2_w8mp4")
uv1_triplanar = true
texture_filter = 0

[sub_resource type="StandardMaterial3D" id="StandardMaterial3D_2ewls"]
albedo_texture = ExtResource("3_762pr")
uv1_triplanar = true
texture_filter = 0

[sub_resource type="StandardMaterial3D" id="StandardMaterial3D_0x2sv"]
albedo_texture = ExtResource("4_whp2l")
uv1_triplanar = true
texture_filter = 0

[node name="WORLD" type="Node3D"]

[node name="DirectionalLight3D" type="DirectionalLight3D" parent="."]
transform = Transform3D(-0.866025, -0.433013, 0.25, 0, 0.5, 0.866025, -0.5, 0.75, -0.433013, 0, 0, 0)
shadow_enabled = true

[node name="WorldEnvironment" type="WorldEnvironment" parent="."]
environment = SubResource("Environment_hbvkp")

[node name="MAP" type="Node3D" parent="."]

[node name="FLOOR" type="CSGBox3D" parent="MAP"]
transform = Transform3D(8.13138, 0, 0, 0, 1, 0, 0, 0, 8.16379, 0, -0.5, 0)
material_override = SubResource("StandardMaterial3D_kt26l")
use_collision = true
size = Vector3(25, 1, 25)

[node name="BOX" type="CSGBox3D" parent="MAP"]
transform = Transform3D(0.559077, 0, 0.829116, 0, 1, 0, -0.829116, 0, 0.559077, 62.3464, 0.500002, -2.17253)
material_override = SubResource("StandardMaterial3D_cofg5")
use_collision = true

[node name="3_MetroidBrinstar5" type="AudioStreamPlayer3D" parent="MAP/BOX"]
transform = Transform3D(0.559077, 0, -0.829115, 0, 1, 0, 0.829115, 0, 0.559077, -0.908745, 1.35426, -1.07209)
stream = ExtResource("3_oq0n3")
unit_size = 1.34
autoplay = true

[node name="BOX2" type="CSGBox3D" parent="MAP"]
transform = Transform3D(0.78031, 0, 0.625392, 0, 1, 0, -0.625392, 0, 0.78031, -1.23889, 0.999999, 92.4674)
material_override = SubResource("StandardMaterial3D_2ewls")
use_collision = true
size = Vector3(2, 2, 2)

[node name="2_ZELDA MC GRAVE3" type="AudioStreamPlayer3D" parent="MAP/BOX2"]
transform = Transform3D(0.780311, 0, -0.625393, 0, 1, 0, 0.625393, 0, 0.780311, 0.885622, 1.97845, -3.05208)
stream = ExtResource("5_cwsn5")
unit_size = 1.34
autoplay = true

[node name="BOX3" type="CSGBox3D" parent="MAP"]
transform = Transform3D(0.78031, 0, 0.625392, 0, 1, 0, -0.625392, 0, 0.78031, -71.9626, 1.5, -82.3511)
material_override = SubResource("StandardMaterial3D_0x2sv")
use_collision = true
size = Vector3(3, 3, 3)

[node name="POE SHOP" type="AudioStreamPlayer3D" parent="MAP/BOX3"]
transform = Transform3D(0.780311, 0, -0.625393, 0, 1, 0, 0.625393, 0, 0.780311, -0.0273571, 1.83052, 2.01289)
stream = ExtResource("7_1nium")
unit_size = 1.34
autoplay = true

[node name="Player" parent="." instance=ExtResource("5_y0f8o")]
sens_horizontal = 0.575

[node name="HUD" parent="Player" instance=ExtResource("6_skb2b")]

[node name="coin" parent="." instance=ExtResource("12_0gl3v")]
transform = Transform3D(1, 0, 0, 0, -4.37114e-08, -1, 0, 1, -4.37114e-08, -4.69267, 2.14376, 0.349272)

[node name="SCORE" type="Label" parent="."]
offset_right = 40.0
offset_bottom = 23.0
script = ExtResource("11_o26k4")

[connection signal="body_entered" from="coin" to="SCORE" method="_on_coin_body_entered"]
